  25000.0    600.0    300.0    400.0   2000.0     60.0     12.0     12.0     60.0     70.0     70.0     80.0     45.0     45.0     36.0
           1   168.08470891555407     
           1   221.04313555003787     
           1   257.02209342424919     
           1   319.62136691393425     
           1   344.57076802706791     
           1   401.78464513053581     
           1   428.29761172452316     
           1   489.91595908424159     
           1   516.08690837666950     
           1   575.82660576174635     
           1   615.46323193860985     
           1   652.15805525046449     
           1   699.83804272218822     
           1   739.82484971512588     
           1   786.26147723631505     
           1   827.03924726468142     
           1   875.50335643394499     
           1   916.69497524581107     
           1   956.51727690906080     
           1   1004.8961876124640     
           1   1049.2988030515703     
           1   1091.5391533273571     
           1   1141.1851115160632     
           1   1184.6248352337143     
           1   1224.3678186118302     
           1   1274.0286909133272     
           1   1319.5434469248769     
           1   1363.8815443975634     
           1   1411.5785192462281     
           1   1458.0347121637669     
           1   1458.0347121637669     
           2   144.87239567014629     
           2   154.33555121533468     
           2   187.13630711691835     
           2   215.90531282606497     
           2   237.87886643187079     
           2   263.50213221753705     
           2   290.79727252810142     
           2   315.25586940552932     
           2   337.96484554115841     
           2   365.55890494986085     
           2   391.20058735083700     
           2   413.74846245264888     
           2   441.38607899345271     
           2   464.99794693744826     
           2   489.96884108873434     
           2   512.97671128174318     
           2   542.10003005658552     
           2   567.35300644216636     
           2   590.69462845532485     
           2   619.73388989413411     
           2   642.36618911495509     
           2   668.19501787638740     
           2   695.31264329453643     
           2   723.50486014936007     
           2   746.94315909606496     
           2   774.90281560982487     
           2   800.59855946245318     
           2   824.95818373571706     
           2   853.43266916156244     
           2   881.60719488966106     
           2   905.55393608565987     
           2   933.39395600015757     
           2   959.63610528945856     
           2   985.17696484081250     
           2   1012.3933024991471     
           2   1041.6293602754331     
           2   1065.5677948089483     
           2   1092.8324975604203     
           2   1120.4848210873067     
           2   1145.9988326726980     
           2   1173.2694432540709     
           2   1202.6542745738902     
           2   1226.5995559720727     
           2   1253.3111268870648     
           2   1281.5460380346542     
           2   1307.5367868243491     
           2   1334.4321334904525     
           2   1364.1027838900548     
           2   1388.2173555190800     
           2   1414.6345295335545     
           2   1443.3626464774807     
           2   1469.3137585108148     
           2   1496.1675804249330     
           2   1496.1675804249330     
   0.0000000000000000     
      100000
